235.409,0.000349024
235.771,0.00138205
235.924,0.00236131
239.969,0.00338512
236.212,0.00445427
231.945,0.00545422
235.539,0.00649272
240.806,0.00750075
246.395,0.00851537
241.457,0.00956366
235.731,0.0106012
235.904,0.0116302
237.292,0.0126054
239.455,0.0136466
234.487,0.0147233
232.829,0.0157229
236.614,0.0167359
242.721,0.0177713
245.73,0.0187917
239.536,0.0198396
235.915,0.0208399
235.935,0.0218543
238.292,0.0228611
238.714,0.0238916
233.391,0.0249435
233.647,0.0259352
237.416,0.0269216
244.185,0.0279564
244.972,0.0289879
238.097,0.0300545
235.978,0.0310206
235.906,0.0320397
239.337,0.0330832
237.773,0.0341057
232.404,0.0351284
234.428,0.0361131
238.196,0.037081
245.475,0.0381249
244.614,0.0391461
236.988,0.0401956
235.956,0.0411592
236.008,0.0421746
239.801,0.0432213
237.377,0.0441988
231.741,0.0452107
235.076,0.0462315
238.79,0.0472123
246.145,0.0482215
244.141,0.0492191
236.535,0.0502575
236.349,0.0512309
235.757,0.0522096
239.948,0.0532482
237.395,0.054253
231.615,0.0552482
235.081,0.056286
239.101,0.0572623
246.672,0.0582521
244.039,0.0592416
236.26,0.0602898
236.321,0.0612838
236.111,0.0622438
239.987,0.0632563
237.288,0.0642583
231.553,0.0652626
235.117,0.0662896
239.1,0.0672788
246.71,0.0682649
243.906,0.0692438
236.169,0.0702934
236.333,0.0712799
236.064,0.0722459
240.084,0.0732506
237.097,0.074267
231.536,0.0752631
235.265,0.0762908
239.168,0.0772716
246.726,0.0782657
244.041,0.0792433
236.275,0.0802939
236.471,0.0812812
235.822,0.0822402
240.163,0.0832511
236.676,0.0843168
231.563,0.0853299
235.509,0.0863927
240.399,0.0874362
246.776,0.0884687
242.095,0.0895061
235.683,0.0905557
236.337,0.0915671
237.206,0.0925448
239.519,0.0936043
234.856,0.0946752
232.961,0.0956755
236.457,0.0966962
242.674,0.0977337
245.999,0.0987526
240.1,0.0997997
235.883,0.100804
235.937,0.101824
238.087,0.102809
239.021,0.103833
233.79,0.104889
233.445,0.105861
237.165,0.106848
243.717,0.10788
245.614,0.108896
238.995,0.109941
236.042,0.110917
236.078,0.111943
238.647,0.112964
238.458,0.113971
233.256,0.115016
234.037,0.116019
237.878,0.117009
244.907,0.118044
245.096,0.119056
237.678,0.120109
236.021,0.121053
236.111,0.12207
239.544,0.123105
237.873,0.124106
232.383,0.125135
234.648,0.126138
238.274,0.127098
245.333,0.128125
244.705,0.129147
237.167,0.130196
236.187,0.13116
235.921,0.132176
240.005,0.133222
237.451,0.134199
231.819,0.135211
235.08,0.136232
238.876,0.137212
246.419,0.138231
244.39,0.13922
236.482,0.140266
236.23,0.141249
235.908,0.14222
240.05,0.143252
237.508,0.144251
231.64,0.14525
235.11,0.146282
239.157,0.147268
246.883,0.148259
244.217,0.149241
236.286,0.15029
236.332,0.151276
236.056,0.152245
240.068,0.153257
237.509,0.154259
231.517,0.155255
235.216,0.156282
239.208,0.157271
246.909,0.158265
244.054,0.159244
236.213,0.160294
236.442,0.161289
236.313,0.162246
239.952,0.163251
237.255,0.164259
231.533,0.165263
235.277,0.166291
239.177,0.16728
246.977,0.168259
244.101,0.169244
235.879,0.170294
236.441,0.171281
236.169,0.17224
239.852,0.173312
236.85,0.17434
231.646,0.175337
235.561,0.176393
240.259,0.177398
246.788,0.178421
242.676,0.179452
235.991,0.180509
236.292,0.181524
237.059,0.182503
239.779,0.183532
235.249,0.184596
232.7,0.185589
236.294,0.186618
242.116,0.187654
246.294,0.188677
240.706,0.189712
235.915,0.190722
236.123,0.191739
237.97,0.192747
239.002,0.193777
233.996,0.194814
233.234,0.195784
236.805,0.196779
243.218,0.197809
245.779,0.198828
239.626,0.19986
236.043,0.20084
236.054,0.201854
238.439,0.20286
238.792,0.203892
233.506,0.204946
233.745,0.205939
237.407,0.206921
244.322,0.207955
245.014,0.208989
238.121,0.210054
236.088,0.21102
236.084,0.212035
239.217,0.21307
238.068,0.214073
232.722,0.215107
234.465,0.21611
238.279,0.217082
245.458,0.21813
244.617,0.219169
236.865,0.220219
236.359,0.221186
235.929,0.222193
239.75,0.223235
237.429,0.224218
231.75,0.225234
235.086,0.22625
238.966,0.227233
246.502,0.228236
244.185,0.22923
236.452,0.230277
236.353,0.231263
236.149,0.232228
239.843,0.233254
237.269,0.234262
231.5,0.23526
235.143,0.236291
239.118,0.23727
247.015,0.238261
244.045,0.239242
236.098,0.240291
236.491,0.241286
235.944,0.242245
240.185,0.243258
237.313,0.244267
231.412,0.245256
235.351,0.246291
239.203,0.247279
246.841,0.248265
244.143,0.249244
236.225,0.250294
236.309,0.25129
236.121,0.25224
240.099,0.253251
237.352,0.254267
231.489,0.255263
235.238,0.256291
239.346,0.25728
246.958,0.258266
244.237,0.259244
235.966,0.260343
236.563,0.261382
236.397,0.262361
239.875,0.263393
236.155,0.26445
232.152,0.26545
235.823,0.266491
241.233,0.267531
246.523,0.268556
241.769,0.269576
235.908,0.2706
236.088,0.271637
237.478,0.27263
239.429,0.273659
234.551,0.274721
232.934,0.275694
236.586,0.276697
242.562,0.277731
245.979,0.278747
240,0.279799
235.875,0.280801
236.046,0.281818
238.344,0.282825
238.946,0.283856
233.682,0.284911
233.538,0.285904
237.396,0.286892
244.075,0.287919
245.43,0.288953
238.491,0.290017
236.03,0.290989
236.036,0.29201
239.086,0.29305
237.771,0.294073
232.62,0.295098
234.432,0.296087
238.238,0.297064
245.201,0.298094
244.829,0.299118
237.407,0.30017
236.167,0.301125
235.988,0.302132
239.777,0.303191
237.599,0.304177
232.149,0.305204
235.123,0.306218
238.664,0.307173
246.077,0.308203
244.51,0.309208
236.579,0.310253
236.346,0.311211
235.998,0.312208
240.01,0.313243
237.433,0.314248
231.769,0.315243
235.201,0.316269
239.092,0.317248
246.669,0.318247
244.151,0.319235
236.27,0.320283
236.45,0.321273
236.115,0.322239
239.995,0.323255
