323.912,0.000504515
304.963,0.00150456
291.645,0.00249987
296.243,0.0034915
317.731,0.00448675
335.891,0.00549146
347.806,0.00651428
332.134,0.00751706
309.228,0.00851485
298.435,0.00950816
299.312,0.0104938
308.823,0.0114973
329.681,0.0124926
341.566,0.0135051
339.055,0.0145191
330.151,0.0155222
308.108,0.0165189
297.098,0.0175088
291.262,0.0185039
310.68,0.0195035
333.766,0.0204971
349.92,0.0215055
335.56,0.0225265
314.369,0.0235235
298.814,0.0245219
294.293,0.0255085
305.434,0.0265035
322.753,0.0274989
344.182,0.0285177
339.598,0.0295217
332.027,0.0305266
316.35,0.0315251
296.547,0.0325272
290.7,0.0335203
302.315,0.0345159
324.761,0.0355081
342.085,0.0365112
343.421,0.0375209
327.045,0.0385185
300.067,0.0395258
289.527,0.0405142
302.8,0.0415055
313.687,0.0425108
338.82,0.0435167
346.921,0.0445204
343.307,0.0455284
322.684,0.0465233
305.525,0.0475191
288.075,0.0485196
300.462,0.0495169
316.124,0.0505131
342.141,0.0515139
349.409,0.0525266
336.333,0.053534
312.425,0.054522
293.173,0.055519
293.778,0.0565094
304.346,0.0575095
325.611,0.0585149
343.606,0.0595214
346.234,0.0605314
327.949,0.061528
308.471,0.0625251
291.904,0.0635246
288.657,0.0645112
303.905,0.0655107
328.969,0.0665138
350.14,0.0675267
342.054,0.0685406
321.934,0.0695303
306.426,0.0705259
295.45,0.0715149
295.881,0.0725118
318.391,0.0735101
337.186,0.0745155
341.619,0.0755255
336.14,0.0765349
320.731,0.0775304
300.514,0.078526
289.17,0.0795192
297.965,0.080516
318.411,0.081518
345.283,0.0825248
348.487,0.0835403
328.613,0.0845344
312.038,0.0855298
299.196,0.0865263
298.49,0.0875159
307.545,0.0885052
331.332,0.0895186
348.943,0.0905342
342.674,0.091539
327.816,0.0925361
307.499,0.0935323
296.336,0.0945239
292.759,0.0955206
311.688,0.0965106
337.595,0.0975115
348.185,0.0985252
339.101,0.0995422
314.869,0.100542
301.664,0.10153
301.669,0.102515
308.109,0.103511
322.718,0.104513
337.655,0.105525
345.96,0.106536
332.084,0.107546
313.187,0.108532
299.099,0.109527
289.953,0.110523
303.058,0.111522
327.335,0.112508
343.009,0.113521
344.534,0.114541
328.195,0.115535
301.164,0.116531
298.142,0.117519
304.979,0.118512
320.813,0.119512
337.15,0.120512
340.399,0.121534
332.969,0.122535
321.914,0.123543
302.612,0.124537
288.975,0.125527
297.954,0.126518
315.359,0.127515
338.837,0.128516
348.443,0.129526
330.394,0.13054
307.24,0.131533
295.933,0.13253
297.145,0.133518
310.411,0.134522
328.799,0.135519
344.434,0.13652
342.227,0.13753
326.673,0.138537
305.677,0.139531
291.289,0.140526
292.1,0.141533
308.48,0.142523
331.73,0.143515
348.361,0.144535
340.04,0.145539
319.815,0.146536
297.677,0.147529
294.472,0.14852
304.908,0.149519
319.263,0.150511
344.476,0.151523
343.132,0.152533
335.345,0.153531
317.738,0.154533
296.495,0.155526
293.127,0.156526
301.058,0.157525
323.006,0.158526
346.789,0.159525
352.176,0.160541
326.144,0.161537
307.484,0.162533
294.186,0.163519
294.716,0.164509
311.581,0.165521
334.37,0.166524
343.996,0.167537
342.791,0.168543
325.879,0.169535
308.404,0.170526
287.499,0.171522
292.144,0.172527
312.039,0.173525
336.928,0.174521
351.357,0.175537
339.12,0.176542
318.582,0.177537
301.75,0.178528
296.617,0.179517
305.551,0.180518
319.251,0.181524
343.435,0.182537
345.038,0.183547
330.798,0.184536
313.182,0.185534
295.005,0.186527
292.89,0.187524
300.168,0.188519
328.367,0.18952
347.974,0.190532
347.757,0.191548
319.484,0.192543
305.409,0.193533
297.36,0.194527
305.503,0.195516
314.8,0.19652
335.153,0.197524
344.119,0.198533
343.473,0.199543
319.214,0.200543
304.122,0.201534
292.9,0.202523
294.973,0.203521
314.623,0.204515
342.301,0.205511
345.329,0.206539
329.943,0.207545
308.375,0.20854
294.959,0.209532
299.852,0.210517
310.709,0.211516
328.366,0.212512
340.677,0.213525
337.99,0.214539
325.76,0.21554
310.605,0.216537
296.085,0.217533
291.322,0.218527
310.392,0.21952
329.411,0.220519
347.242,0.221526
335.201,0.222543
318.351,0.223541
302.784,0.224534
294.669,0.225526
304.194,0.226517
324.753,0.22752
341.483,0.228528
341.773,0.229533
334.023,0.230534
316.919,0.231538
298.673,0.232532
291.032,0.233526
299.21,0.234524
322.813,0.235522
342.829,0.236521
345.172,0.23754
325.651,0.23854
304.581,0.239534
292.474,0.240527
297.427,0.241524
312.567,0.242522
333.47,0.243525
347.482,0.244533
338.694,0.245536
324.708,0.24654
302.3,0.247529
286.054,0.248532
297.87,0.249525
311.514,0.250523
340.422,0.251518
348.405,0.252533
337.236,0.253545
315.075,0.254538
296.516,0.255527
294.571,0.256521
305.927,0.257521
329.109,0.258523
342.579,0.259533
344.886,0.260541
333.648,0.261534
315.767,0.262537
293.22,0.263529
291.707,0.26453
305.023,0.265531
329.98,0.266521
349.178,0.267532
346.899,0.268544
325.414,0.269544
305.513,0.270541
296.256,0.271518
297.047,0.272511
313.599,0.273524
338.402,0.274531
348.136,0.275534
339.204,0.276538
321.03,0.277542
302.34,0.278533
285.146,0.279534
295.282,0.280525
318.194,0.281524
343.476,0.28254
348.601,0.283547
330.386,0.284546
313.045,0.285544
297.111,0.286535
297.064,0.287518
311.048,0.288514
322.958,0.289529
344.69,0.290536
340.535,0.291552
328.426,0.292545
308.801,0.293544
297.088,0.29453
292.507,0.295525
305.542,0.296524
330.489,0.297524
345.916,0.298533
340.164,0.299542
321.468,0.300543
301.338,0.301538
296.373,0.302534
309.473,0.303519
319.766,0.304525
340.77,0.305523
341.805,0.306541
334.885,0.307549
320.023,0.308539
300.627,0.309532
293.137,0.310526
300.596,0.31152
322.094,0.312517
346.121,0.313524
342.081,0.314538
328.791,0.315544
306.488,0.31654
296.18,0.31753
304.936,0.318524
313.681,0.31952
333.303,0.320524
340.799,0.321531
336.854,0.322546
323.652,0.323543
307.268,0.324533
294.296,0.325532
292.977,0.326526
314.729,0.327519
338.695,0.32852
348.04,0.329533
335.218,0.330543
313.043,0.33155
302.086,0.332536
296.625,0.333526
312.274,0.334522
328.008,0.335524
343.716,0.336527
346.003,0.337543
330.241,0.338539
311.793,0.339547
296.482,0.340535
298.324,0.341532
303.712,0.342526
329.461,0.343525
349.4,0.344531
344.674,0.345545
321.994,0.346543
300.239,0.347534
293.741,0.348526
302.949,0.349532
316.831,0.350525
336.736,0.351529
348.496,0.35254
339.137,0.353536
321.536,0.354535
298.514,0.355535
291.28,0.356538
296.189,0.35753
316.412,0.35852
342.671,0.359526
349.025,0.360534
334.843,0.361549
312.811,0.362535
294.294,0.363529
294.37,0.36452
307.963,0.365522
331.187,0.366524
343.37,0.367542
342.548,0.368542
330.105,0.369543
309.733,0.370543
294.832,0.37153
286.648,0.372529
309.909,0.373534
336.11,0.374524
352.777,0.375536
344.264,0.376547
323.129,0.377541
301.329,0.37854
296.82,0.379523
297.818,0.380525
319.314,0.381528
337.709,0.382534
345.734,0.383541
337.734,0.384546
320.228,0.385539
302.031,0.38653
290.842,0.387534
296.993,0.388528
319.497,0.389525
342.07,0.39053
350.231,0.391544
323.787,0.392549
313.417,0.393543
297.969,0.394528
297.09,0.395518
312.349,0.396521
329.876,0.397525
342.48,0.39854
341.119,0.399547
328.56,0.400547
305.444,0.401543
291.855,0.402535
295.747,0.403529
310.127,0.404529
333.778,0.40552
348.312,0.406539
339.626,0.407547
318.134,0.408546
299.814,0.409541
298.889,0.410527
311.104,0.41152
324.646,0.412524
342.02,0.41352
342.115,0.414549
334.12,0.415543
313.56,0.416538
294.097,0.41754
296.274,0.418531
302.434,0.419522
327.028,0.420525
346.477,0.421528
339.548,0.422548
322.555,0.423551
305.383,0.424547
294.524,0.425534
302.234,0.426525
319.538,0.427524
338.5,0.428528
344.564,0.429542
338.915,0.430541
320.246,0.431545
304.305,0.432541
292.915,0.433547
297.757,0.434535
319.48,0.435529
342.997,0.43652
347.85,0.437531
329.671,0.438542
308.09,0.439545
298.014,0.440535
298.99,0.44153
311.649,0.442525
334.778,0.443531
345.322,0.444533
344.85,0.445543
328.261,0.446553
308.455,0.447544
291.393,0.44854
297.448,0.449534
311.136,0.450533
329.327,0.451527
351.733,0.452536
341.011,0.453552
320.931,0.454542
299.361,0.45554
293.505,0.456532
304.141,0.457526
318.456,0.458523
342.821,0.459535
350.456,0.460544
336.654,0.461543
319.069,0.462545
297.802,0.463539
286.236,0.464537
298.126,0.465532
324.025,0.466527
347.144,0.46753
346.974,0.468545
331.585,0.469546
307.804,0.470541
296.646,0.471532
293.237,0.472526
309.243,0.473529
335.578,0.474533
346.327,0.475543
341.466,0.476551
330.125,0.477545
308.728,0.478545
295.383,0.479529
287.237,0.480528
309.092,0.481529
339.394,0.482529
355.239,0.483546
342.102,0.484561
318.692,0.485544
303.224,0.486538
298.182,0.487525
302.839,0.488522
320.646,0.489534
342.66,0.490538
344.306,0.491548
337.196,0.492555
317.564,0.493545
297.194,0.494537
293.631,0.495539
297.926,0.496535
324.733,0.49753
346.43,0.498536
344.337,0.499557
324.221,0.500544
308.203,0.501552
296.72,0.502534
304.278,0.503522
315.382,0.504522
332.837,0.505529
345.186,0.506551
341.539,0.507549
323.791,0.508549
306.555,0.509543
289.427,0.510539
296.443,0.511538
313.852,0.512531
337.906,0.513529
346.989,0.514547
334.716,0.515549
314.165,0.51655
298.97,0.517544
300.657,0.518529
308.808,0.519528
330.094,0.520521
347.021,0.521537
342.547,0.522552
326.397,0.52355
315.308,0.524549
291.383,0.525545
295.278,0.526533
305.878,0.527529
328.682,0.528527
346.901,0.529538
338.99,0.530556
320.901,0.53155
301.293,0.532541
297.064,0.533535
304.39,0.534529
320.591,0.535525
338.044,0.536526
344.512,0.537545
332.609,0.53855
318.152,0.539546
299.129,0.540544
294.41,0.541539
298.958,0.542527
318.909,0.543527
342.724,0.544532
348.309,0.545544
329.423,0.546543
308.32,0.54755
296.025,0.548541
298.005,0.549531
313.781,0.55053
332.046,0.551536
348.111,0.552547
341.82,0.553551
327.983,0.554547
306.412,0.555537
292.634,0.556542
291.159,0.557534
311.572,0.55853
336.611,0.559529
353.214,0.560538
339.427,0.56155
319.835,0.562548
298.106,0.563541
290.734,0.564527
304.207,0.565537
326.833,0.566532
343.825,0.567534
344.349,0.568552
334.078,0.569549
320.119,0.570547
297.791,0.571542
287.785,0.572541
297.446,0.573539
329.601,0.574531
347.266,0.575531
349.562,0.576553
327.8,0.577558
309.08,0.578546
297.258,0.579537
300.583,0.580524
308.386,0.581527
333.691,0.58253
349.655,0.583544
343.151,0.584548
325.195,0.585547
309.251,0.586545
291.195,0.587538
294.994,0.58853
315.39,0.589527
339.631,0.590532
349.346,0.591548
338.795,0.592554
315.399,0.593549
298.636,0.594536
297.26,0.595525
306.883,0.596522
325.766,0.597529
340.438,0.598537
346.809,0.59956
334.812,0.600549
312.143,0.60155
296.856,0.602545
291.919,0.603535
304.403,0.604527
322.321,0.605522
349.159,0.60654
346.175,0.607554
319.761,0.608552
303.176,0.609549
301.666,0.610535
304.047,0.611537
313.257,0.612527
340.877,0.61353
345.325,0.614553
339.496,0.615555
323.758,0.616552
302.18,0.617542
293.561,0.618537
298.031,0.619534
317.647,0.62053
340.703,0.621523
348.122,0.622551
334.227,0.623556
310.057,0.624553
298.734,0.625541
295.376,0.626533
310.599,0.62753
331.361,0.62853
341.631,0.629546
335.601,0.63055
327.378,0.631548
308.227,0.632548
292.774,0.63354
293.252,0.634536
306.357,0.635534
334.84,0.636528
345.761,0.637541
339.584,0.63855
317.076,0.639548
303.833,0.640544
296.715,0.641533
303.941,0.642523
324.277,0.643529
346.613,0.64454
346.329,0.645544
333.211,0.646546
318.1,0.64755
296.385,0.648546
294.566,0.649543
300.854,0.650532
324.566,0.651526
344.873,0.652534
348.568,0.653554
327.913,0.654544
304.627,0.655553
293.498,0.656539
296.82,0.657533
314.744,0.658535
334.264,0.659535
346.435,0.66054
339.103,0.661549
324.31,0.66255
303.968,0.663544
290.846,0.66454
294.817,0.665537
310.477,0.666529
340.907,0.667535
348.983,0.668548
340.165,0.669559
316.304,0.670554
298.301,0.671531
294.328,0.67253
300.705,0.673529
324.761,0.674536
342.653,0.67554
345.12,0.676552
334.145,0.677545
315.72,0.678547
296.451,0.67954
285.875,0.680531
302.449,0.681527
325.567,0.68253
350.692,0.683534
345.782,0.684559
327.74,0.685551
308.162,0.686548
299.309,0.687528
298.222,0.688526
313.333,0.689525
334.73,0.690537
348.283,0.691547
341.772,0.692549
323.014,0.693552
303.9,0.694542
294.235,0.695538
292.556,0.69653
313.493,0.697522
339.36,0.69853
350.735,0.699548
332.934,0.700557
317.516,0.701547
300.52,0.702539
296.199,0.703534
306.713,0.70452
327.038,0.705527
341.453,0.706534
346.046,0.707549
332.348,0.708556
311.8,0.709547
295.876,0.710544
290.438,0.711538
305.516,0.712528
327.155,0.713529
346.122,0.714539
341.86,0.715557
323.613,0.716556
305.809,0.717549
298.762,0.718534
303.752,0.719526
320.035,0.720526
341.929,0.721533
344.888,0.722557
336.795,0.723549
320.526,0.724549
301.939,0.725542
292.574,0.72654
302.837,0.727531
321.329,0.728523
340.389,0.729531
346.046,0.730551
327.837,0.731556
310.239,0.73255
297.479,0.733536
297.611,0.734536
315.26,0.735532
334.832,0.736538
344.994,0.737539
342.267,0.738547
325.564,0.73955
308.268,0.740549
292.265,0.741541
295.499,0.74254
315.633,0.743531
332.027,0.744531
348.663,0.745542
337.908,0.746554
313.565,0.747552
300.317,0.748549
295.919,0.749533
304.596,0.750529
320.475,0.751527
344.401,0.752535
343.959,0.753552
332.895,0.754546
313.695,0.75555
298.056,0.756549
291.867,0.75754
301.9,0.758538
323.766,0.759533
349.248,0.760544
347.928,0.76155
327.817,0.762552
304.467,0.763546
293.346,0.764538
298.696,0.76553
312.622,0.766529
337.88,0.767537
347.349,0.768548
341.389,0.769553
326.806,0.770547
304.008,0.77154
291.142,0.772544
290.881,0.773538
315.155,0.774533
340.524,0.775532
348.856,0.776546
337.283,0.777558
313.519,0.778549
297.828,0.779545
297.793,0.780529
303.549,0.781531
322.925,0.782539
344.031,0.783538
345.694,0.784555
333.198,0.785551
311.046,0.786553
299.855,0.78754
289.813,0.78853
302.361,0.789535
330.592,0.790529
346.217,0.79154
345.793,0.792555
324.087,0.793551
305.731,0.794546
298.988,0.795533
299.807,0.796531
314.979,0.797531
339.06,0.798537
346.708,0.799544
339.404,0.800551
322.454,0.801547
302.541,0.802548
294.383,0.803536
295.978,0.804533
317.581,0.805532
345.076,0.806527
348.453,0.807546
332.202,0.808555
307.579,0.809552
301.563,0.810547
299.918,0.811537
313.7,0.812522
326.347,0.813526
343.474,0.814544
343.049,0.815551
327.443,0.816552
307.816,0.817548
297.696,0.818541
288.712,0.819538
307.221,0.820532
332.736,0.821524
346.056,0.822542
337.428,0.823552
321.963,0.824553
299.017,0.82555
295.858,0.826537
306.569,0.827527
321.313,0.828525
341.184,0.829541
338.688,0.830545
336.719,0.831555
316.917,0.83255
304.618,0.833548
291.83,0.834541
298.94,0.83554
324.663,0.836533
344.684,0.837534
348.139,0.838549
325.811,0.839557
306.606,0.840549
293.58,0.841544
301.305,0.84253
313.99,0.843531
337.204,0.844535
345.541,0.845541
339.642,0.84655
325.144,0.847553
309.445,0.84855
292.769,0.849543
295.534,0.850541
314.515,0.851534
337.215,0.852536
350.994,0.853538
337.304,0.854549
312.105,0.855549
299.176,0.856543
293.86,0.857535
308.108,0.858535
327.471,0.85954
346.794,0.860546
345.444,0.861547
328.862,0.86255
314.342,0.863544
294.461,0.864547
291.348,0.865535
302.408,0.866533
329.146,0.867528
347.226,0.86854
343.447,0.86955
325.264,0.87055
304.664,0.871549
291.54,0.872539
301.217,0.873535
316.039,0.874531
338.818,0.87554
347.526,0.876551
341.364,0.877552
319.833,0.878547
304.719,0.879541
288.148,0.880538
299.008,0.881539
317.024,0.882527
341.781,0.883539
350.034,0.884552
332.366,0.885559
314.557,0.886555
299.124,0.887539
296.399,0.888529
311.589,0.889537
323.916,0.890542
348.251,0.891548
340.166,0.892557
328.249,0.893559
311.479,0.894548
297.513,0.895545
289.719,0.896529
305.057,0.89753
329.416,0.898532
351.733,0.899544
340.916,0.900557
323.136,0.901555
300.036,0.902544
300.076,0.903531
301.872,0.904526
320.42,0.905533
340.355,0.906541
343.987,0.907553
339.947,0.908556
317.876,0.90955
300.062,0.910544
294.241,0.911538
296.812,0.912529
321.01,0.91353
344.779,0.914536
348.971,0.915552
330.214,0.916555
309.805,0.917546
299.092,0.918539
306.26,0.919538
316.157,0.920539
332.476,0.921534
343.632,0.922547
343.987,0.92356
327.441,0.924554
308.649,0.925546
295.295,0.926543
296.837,0.927542
312.886,0.928531
334.989,0.929532
347.695,0.930552
336.355,0.93156
316.312,0.932554
300.206,0.933546
300.847,0.934536
308.522,0.935536
329.841,0.936525
340.28,0.937543
340.593,0.93855
332.477,0.939556
318.347,0.940548
298.17,0.941548
292.864,0.942538
303.954,0.943535
327.107,0.944532
349.846,0.945544
341.802,0.946558
323.662,0.947554
304.351,0.948553
296.86,0.949544
301.298,0.950537
320.14,0.951531
339.958,0.952532
344.909,0.953551
337.979,0.954543
321.21,0.95555
302.871,0.956551
294.375,0.957544
293.365,0.958545
319.101,0.959535
341.983,0.960533
349.727,0.961554
333.951,0.962557
310.396,0.963547
293.369,0.964544
299.496,0.965533
306.591,0.966535
331.434,0.967533
345.282,0.968541
341.112,0.969559
330.757,0.97055
306.247,0.97154
294.983,0.972542
289.542,0.973535
308.954,0.974535
333.106,0.975536
348.881,0.976551
343.448,0.977558
319.913,0.978549
301.984,0.979549
289.728,0.980535
299.326,0.981536
316.005,0.982527
338.474,0.983538
342.831,0.984554
337.271,0.985559
318.572,0.986551
303.485,0.987549
286.115,0.988539
298.509,0.989544
319.629,0.990531
344.094,0.991544
350.133,0.992552
330.245,0.993559
314.302,0.994552
297.906,0.99554
297.814,0.99653
309.525,0.997527
330.297,0.998537
346.253,0.999548
341.988,1.00055
329.265,1.00155
311.79,1.00255
293.457,1.00355
294.967,1.00454
306.612,1.00554
336.729,1.00655
350.309,1.00755
337.129,1.00856
323.373,1.00956
303.086,1.01056
299.898,1.01154
306.39,1.01254
320.71,1.01354
339.48,1.01455
344.829,1.01557
335.883,1.01657
315.071,1.01756
298.825,1.01856
292.657,1.01955
301.961,1.02055
322.014,1.02155
345.935,1.02255
345.653,1.02358
327.166,1.02458
303.256,1.02558
296.372,1.02656
304.239,1.02755
316.531,1.02855
337.566,1.02955
344.467,1.03057
343.374,1.03159
327.511,1.03258
306.259,1.03358
293.163,1.03457
297.127,1.03557
315.811,1.03656
337.122,1.03756
346.852,1.03858
331.379,1.03959
314.704,1.04059
299.848,1.04158
298.835,1.04258
311.07,1.04357
328.686,1.04457
345.156,1.04558
342.938,1.04659
326.937,1.04759
307.656,1.04859
297.404,1.04958
293.222,1.05058
305.685,1.05158
332.105,1.05257
346.909,1.05358
345.091,1.0546
317.346,1.0556
302.984,1.0566
294.607,1.05759
303.999,1.05858
321.079,1.05958
340.164,1.06058
350.382,1.06159
336.823,1.0626
318.402,1.0636
301.179,1.0646
288.271,1.0656
299.949,1.06659
321.103,1.06758
343.166,1.06859
348.114,1.06961
332.372,1.07061
311.73,1.07161
292.12,1.0726
297.392,1.0736
312.505,1.07459
331.31,1.0756
351.46,1.07661
340.424,1.07762
328.35,1.07861
308.98,1.07961
293.071,1.08061
292.884,1.08161
309.618,1.08261
337.631,1.08359
353.782,1.08461
341.515,1.08563
321.498,1.08661
304.045,1.08761
293,1.08861
302.162,1.0896
322.217,1.0906
343.408,1.09162
346.544,1.09262
337.328,1.09363
316.534,1.09462
295.476,1.09562
286.979,1.09662
300.076,1.09761
323.818,1.09861
346.059,1.09961
349.621,1.10064
326.707,1.10164
309.674,1.10264
302.389,1.10362
298.633,1.10461
313.217,1.10561
335.189,1.10662
347.473,1.10763
341.826,1.10864
325.854,1.10964
306.366,1.11064
294.48,1.11163
294.007,1.11262
306.572,1.11362
339.11,1.11462
351.31,1.11565
337.468,1.11666
316.492,1.11765
300.56,1.11864
299.871,1.11963
305.14,1.12062
327.049,1.12162
338.981,1.12263
344.11,1.12366
331.924,1.12467
312.772,1.12565
297.86,1.12665
292.777,1.12764
301.809,1.12864
326.849,1.12963
346.757,1.13064
341.215,1.13166
321.103,1.13266
301.622,1.13366
297.603,1.13464
305.419,1.13564
321.842,1.13664
335.731,1.13765
344.172,1.13867
337.14,1.13967
319.324,1.14067
303.782,1.14166
293.139,1.14266
296.988,1.14366
319.005,1.14465
340.138,1.14565
348.762,1.14667
328.484,1.14767
309.1,1.14867
295.934,1.14966
297.46,1.15065
309.767,1.15165
328.77,1.15265
345.928,1.15367
339.88,1.15467
