780.86,0.000504515
774.17,0.00150456
763.303,0.00249987
755.389,0.0034915
763.655,0.00448675
758.3,0.00549146
754.191,0.00651428
770.711,0.00751706
773.387,0.00851485
763.082,0.00950816
764.43,0.0104938
762.992,0.0114973
755.356,0.0124926
751.928,0.0135051
770.775,0.0145191
783.865,0.0155222
776.822,0.0165189
762.105,0.0175088
763.2,0.0185039
760.597,0.0195035
761.811,0.0204971
757.761,0.0215055
769.721,0.0225265
780.027,0.0235235
765.176,0.0245219
760.271,0.0255085
760.542,0.0265035
753.268,0.0274989
750.021,0.0285177
761.904,0.0295217
785.093,0.0305266
782.207,0.0315251
770.113,0.0325272
755.263,0.0335203
758.976,0.0345159
755.707,0.0355081
750.654,0.0365112
761.797,0.0375209
771.906,0.0385185
776.782,0.0395258
765.52,0.0405142
758.43,0.0415055
755.775,0.0425108
750.174,0.0435167
754.265,0.0445204
770.902,0.0455284
792.592,0.0465233
778.186,0.0475191
758.695,0.0485196
756.688,0.0495169
756.064,0.0505131
753.334,0.0515139
760.055,0.0525266
769.15,0.053534
775.776,0.054522
768.999,0.055519
771.225,0.0565094
758.083,0.0575095
749.512,0.0585149
747.34,0.0595214
761.08,0.0605314
784.296,0.061528
784.434,0.0625251
770.504,0.0635246
758.887,0.0645112
767.419,0.0655107
750.497,0.0665138
749.198,0.0675267
761.781,0.0685406
773.301,0.0695303
768.179,0.0705259
764.934,0.0715149
763.769,0.0725118
756.152,0.0735101
741.733,0.0745155
749.639,0.0755255
774.853,0.0765349
787.857,0.0775304
774.601,0.078526
763.969,0.0795192
768.208,0.080516
755.436,0.081518
753.022,0.0825248
755.544,0.0835403
771.209,0.0845344
777.952,0.0855298
766.556,0.0865263
769.741,0.0875159
761.392,0.0885052
755.01,0.0895186
754.544,0.0905342
762.317,0.091539
779.971,0.0925361
780.592,0.0935323
762.116,0.0945239
765.643,0.0955206
771.32,0.0965106
761.729,0.0975115
750.975,0.0985252
767.424,0.0995422
775.059,0.100542
769.461,0.10153
763.703,0.102515
761.006,0.103511
749.606,0.104513
752.327,0.105525
768.485,0.106536
775.582,0.107546
781.322,0.108532
769.59,0.109527
756.143,0.110523
761.541,0.111522
762.18,0.112508
753.997,0.113521
764.666,0.114541
776.566,0.115535
771.517,0.116531
766.772,0.117519
756.662,0.118512
759.734,0.119512
759.736,0.120512
765.145,0.121534
774.477,0.122535
784.344,0.123543
772.03,0.124537
762.792,0.125527
755.907,0.126518
761.851,0.127515
756.868,0.128516
755.078,0.129526
783.78,0.13054
776.841,0.131533
769.858,0.13253
757.806,0.133518
755.1,0.134522
753.343,0.135519
749.653,0.13652
769.167,0.13753
786.604,0.138537
777.854,0.139531
765.978,0.140526
757.132,0.141533
755.923,0.142523
764.165,0.143515
740.715,0.144535
767.289,0.145539
773.133,0.146536
771.047,0.147529
763.372,0.14852
760.772,0.149519
745.999,0.150511
749.126,0.151523
752.985,0.152533
778.591,0.153531
787.218,0.154533
771.833,0.155526
754.355,0.156526
755.657,0.157525
755.091,0.158526
748.951,0.159525
752.413,0.160541
771.072,0.161537
778.687,0.162533
768.744,0.163519
767.983,0.164509
762.929,0.165521
745.309,0.166524
746.976,0.167537
766.291,0.168543
787.386,0.169535
781.691,0.170526
766.102,0.171522
762.267,0.172527
763.496,0.173525
752.86,0.174521
750.394,0.175537
768.076,0.176542
773,0.177537
769.86,0.178528
766.345,0.179517
764.812,0.180518
752.298,0.181524
752.965,0.182537
757.402,0.183547
779.583,0.184536
779.531,0.185534
767.441,0.186527
763.94,0.187524
762.706,0.188519
759.96,0.18952
754.464,0.190532
761.676,0.191548
774.229,0.192543
773.335,0.193533
764.021,0.194527
763.966,0.195516
761.972,0.19652
758.811,0.197524
754.434,0.198533
768.378,0.199543
781.799,0.200543
772.331,0.201534
758.763,0.202523
764.889,0.203521
762.007,0.204515
754.574,0.205511
756.363,0.206539
773.83,0.207545
771.535,0.20854
767.084,0.209532
759.347,0.210517
756.463,0.211516
757.821,0.212512
750.987,0.213525
768.463,0.214539
782.219,0.21554
776.539,0.216537
762.369,0.217533
755.477,0.218527
761.629,0.21952
757.837,0.220519
754.214,0.221526
777.999,0.222543
773.21,0.223541
770.391,0.224534
762.181,0.225526
761.332,0.226517
759.094,0.22752
748.226,0.228528
751.513,0.229533
782.84,0.230534
784.729,0.231538
769.266,0.232532
758.7,0.233526
767.955,0.234524
756.395,0.235522
754.472,0.236521
763.415,0.23754
777.137,0.23854
776.98,0.239534
765.71,0.240527
761.518,0.241524
757.775,0.242522
754.61,0.243525
750.194,0.244533
773.436,0.245536
797.274,0.24654
780.53,0.247529
765.545,0.248532
755.635,0.249525
758.623,0.250523
757.797,0.251518
753.534,0.252533
767.054,0.253545
775.358,0.254538
768.995,0.255527
759.037,0.256521
760.192,0.257521
749.889,0.258523
745.482,0.259533
758.996,0.260541
779.726,0.261534
782.943,0.262537
767.946,0.263529
763.945,0.26453
761.55,0.265531
750.459,0.266521
752.098,0.267532
757.637,0.268544
777.043,0.269544
774.471,0.270541
769.042,0.271518
762.776,0.272511
759.446,0.273524
746.906,0.274531
744.841,0.275534
771.886,0.276538
788.947,0.277542
771.015,0.278533
770.955,0.279534
763.078,0.280525
766.02,0.281524
755.623,0.28254
751.912,0.283547
772.297,0.284546
769.932,0.285544
766.775,0.286535
763.436,0.287518
765.211,0.288514
751.638,0.289529
746.828,0.290536
762.178,0.291552
781.406,0.292545
778.04,0.293544
760.153,0.29453
761.576,0.295525
760.46,0.296524
760.81,0.297524
746.383,0.298533
764.595,0.299542
780.19,0.300543
763.966,0.301538
764.793,0.302534
765.178,0.303519
755.959,0.304525
755.059,0.305523
752.643,0.306541
777.506,0.307549
784.905,0.308539
765.484,0.309532
757.802,0.310526
763.808,0.31152
765.194,0.312517
753.973,0.313524
765.226,0.314538
781.389,0.315544
770.276,0.31654
764.437,0.31753
759.476,0.318524
757.972,0.31952
754.865,0.320524
755.122,0.321531
775.588,0.322546
782.032,0.323543
777.097,0.324533
763.556,0.325532
758.337,0.326526
765.019,0.327519
758.674,0.32852
749.086,0.329533
774.166,0.330543
774.428,0.33155
771.35,0.332536
762.124,0.333526
756.245,0.334522
757.965,0.335524
750.928,0.336527
765.724,0.337543
789.037,0.338539
786.052,0.339547
760.844,0.340535
758.899,0.341532
762.829,0.342526
756.747,0.343525
753.293,0.344531
764.924,0.345545
777.512,0.346543
777.877,0.347534
763.801,0.348526
760.745,0.349532
754.551,0.350525
748.509,0.351529
751.761,0.35254
778.836,0.353536
789.841,0.354535
777.044,0.355535
762.066,0.356538
762.081,0.35753
759.466,0.35852
748.688,0.359526
753.547,0.360534
771.229,0.361549
775.825,0.362535
768.3,0.363529
763.686,0.36452
757.459,0.365522
749.881,0.366524
752.98,0.367542
760.622,0.368542
780.212,0.369543
781.64,0.370543
767.113,0.37153
762.284,0.372529
761.131,0.373534
751.962,0.374524
749.038,0.375536
767.718,0.376547
778.518,0.377541
767.19,0.37854
763.075,0.379523
761.483,0.380525
759.124,0.381528
754.173,0.382534
752.876,0.383541
778.345,0.384546
777.945,0.385539
775.328,0.38653
762.434,0.387534
763.301,0.388528
768.761,0.389525
742.396,0.39053
758.713,0.391544
770.521,0.392549
769.098,0.393543
761.529,0.394528
756.506,0.395518
767.419,0.396521
753.171,0.397525
748.092,0.39854
759.591,0.399547
783.234,0.400547
776.833,0.401543
764.264,0.402535
758.238,0.403529
761.316,0.404529
757.717,0.40552
754.108,0.406539
772.379,0.407547
774.892,0.408546
765.61,0.409541
758.622,0.410527
754.262,0.41152
754.91,0.412524
755.208,0.41352
762.091,0.414549
773.35,0.415543
777.944,0.416538
761.153,0.41754
762.739,0.418531
757.702,0.419522
766.936,0.420525
751.559,0.421528
773.449,0.422548
773.519,0.423551
773.345,0.424547
760.533,0.425534
752.564,0.426525
759.552,0.427524
755.891,0.428528
755.034,0.429542
779.404,0.430541
784.249,0.431545
776.506,0.432541
755.509,0.433547
761.934,0.434535
757.322,0.435529
748.882,0.43652
762.386,0.437531
776.565,0.438542
782.33,0.439545
765.734,0.440535
758.275,0.44153
753.145,0.442525
748.948,0.443531
746.804,0.444533
763.707,0.445543
788.243,0.446553
783.576,0.447544
761.683,0.44854
758.196,0.449534
761.185,0.450533
759.854,0.451527
748.073,0.452536
769.564,0.453552
778.079,0.454542
775.788,0.45554
760.403,0.456532
754.81,0.457526
743.536,0.458523
742.346,0.459535
756.266,0.460544
776.244,0.461543
787.795,0.462545
776.529,0.463539
757.02,0.464537
758.418,0.465532
755.518,0.466527
747.729,0.46753
746.215,0.468545
772.739,0.469546
773.103,0.470541
770.884,0.471532
764.826,0.472526
758.081,0.473529
743.901,0.474533
744.484,0.475543
771.854,0.476551
785.05,0.477545
775.798,0.478545
766.556,0.479529
762.916,0.480528
758.603,0.481529
751.912,0.482529
749.16,0.483546
765.428,0.484561
771.035,0.485544
767.803,0.486538
761.154,0.487525
763.322,0.488522
751.465,0.489534
749.917,0.490538
751.002,0.491548
781.601,0.492555
776.58,0.493545
771.222,0.494537
758.044,0.495539
767.245,0.496535
763.125,0.49753
745.471,0.498536
752.489,0.499557
767.319,0.500544
766.954,0.501552
758.007,0.502534
761.365,0.503522
757.102,0.504522
759.135,0.505529
753.175,0.506551
765.906,0.507549
780.406,0.508549
772.422,0.509543
761.765,0.510539
761.157,0.511538
762.098,0.512531
755.6,0.513529
756.155,0.514547
765.073,0.515549
774.208,0.51655
766.917,0.517544
762.348,0.518529
756.671,0.519528
754.662,0.520521
755.955,0.521537
759.981,0.522552
784.412,0.52355
776.594,0.524549
765.708,0.525545
756.501,0.526533
763.182,0.527529
757.552,0.528527
756.139,0.529538
768.471,0.530556
775.111,0.53155
769.67,0.532541
761.743,0.533535
759.76,0.534529
748.487,0.535525
747.526,0.536526
756.006,0.537545
780.358,0.53855
785.786,0.539546
771.712,0.540544
759.5,0.541539
763.085,0.542527
757.822,0.543527
751.335,0.544532
754.851,0.545544
781.677,0.546543
779.594,0.54755
763.93,0.548541
760.097,0.549531
754.879,0.55053
754.649,0.551536
751.795,0.552547
771.402,0.553551
791.603,0.554547
783.28,0.555537
765.71,0.556542
757.893,0.557534
759.744,0.55853
749.998,0.559529
749.821,0.560538
769.143,0.56155
771.9,0.562548
770.163,0.563541
764.43,0.564527
759.415,0.565537
746.469,0.566532
746.897,0.567534
751.004,0.568552
781.401,0.569549
786.148,0.570547
774.685,0.571542
758.519,0.572541
763.139,0.573539
754.707,0.574531
746.769,0.575531
757.473,0.576553
770.83,0.577558
773.77,0.578546
765.308,0.579537
769.296,0.580524
752.988,0.581527
746.787,0.58253
747.582,0.583544
766.455,0.584548
783.419,0.585547
779.665,0.586545
766.197,0.587538
759.106,0.58853
765.183,0.589527
752.835,0.590532
750.724,0.591548
767.271,0.592554
772.216,0.593549
766.96,0.594536
764.726,0.595525
760.419,0.596522
756.793,0.597529
749.345,0.598537
756.489,0.59956
779.28,0.600549
778.753,0.60155
766.51,0.602545
760.767,0.603535
761.447,0.604527
760.033,0.605522
749.917,0.60654
766.227,0.607554
773.57,0.608552
771.259,0.609549
760.747,0.610535
759.275,0.611537
764.183,0.612527
750.204,0.61353
756.508,0.614553
776.585,0.615555
782.311,0.616552
771.306,0.617542
762.609,0.618537
766.248,0.619534
761.592,0.62053
760.041,0.621523
768.541,0.622551
784.095,0.623556
773.934,0.624553
765.562,0.625541
761.742,0.626533
759.124,0.62753
752.96,0.62853
751.058,0.629546
766.158,0.63055
780.96,0.631548
776.767,0.632548
763.254,0.63354
761.686,0.634536
760.661,0.635534
758.96,0.636528
750.941,0.637541
773.989,0.63855
777.069,0.639548
772.844,0.640544
763.703,0.641533
759.504,0.642523
749.778,0.643529
754.524,0.64454
762.076,0.645544
777.781,0.646546
785.454,0.64755
770.344,0.648546
756.976,0.649543
757.425,0.650532
760.267,0.651526
743.783,0.652534
762.088,0.653554
775.672,0.654544
775.939,0.655553
768.096,0.656539
761.977,0.657533
752.919,0.658535
753.989,0.659535
743.96,0.66054
768.37,0.661549
787.658,0.66255
780,0.663544
768.392,0.66454
756.973,0.665537
759.978,0.666529
753.973,0.667535
746.452,0.668548
769.93,0.669559
774.486,0.670554
777.493,0.671531
763.147,0.67253
761.859,0.673529
745.617,0.674536
746.788,0.67554
751.31,0.676552
781.051,0.677545
786.518,0.678547
770.699,0.67954
758.101,0.680531
769.287,0.681527
755.06,0.68253
739.582,0.683534
758.609,0.684559
768.831,0.685551
771.385,0.686548
762.403,0.687528
765.302,0.688526
757.208,0.689525
749.954,0.690537
747.675,0.691547
774.099,0.692549
782.269,0.693552
770.99,0.694542
761.023,0.695538
763.078,0.69653
760.923,0.697522
746.459,0.69853
751.61,0.699548
764.613,0.700557
774.136,0.701547
764.635,0.702539
758.85,0.703534
763.535,0.70452
755.906,0.705527
747.379,0.706534
757.492,0.707549
780.036,0.708556
774.796,0.709547
769.576,0.710544
762.435,0.711538
760.467,0.712528
765.577,0.713529
747.029,0.714539
761.988,0.715557
777.613,0.716556
767.64,0.717549
764.038,0.718534
755.81,0.719526
760.387,0.720526
756.579,0.721533
752.551,0.722557
777.394,0.723549
782.19,0.724549
766.163,0.725542
757.702,0.72654
759.647,0.727531
759.949,0.728523
756.167,0.729531
762.098,0.730551
772.083,0.731556
775.996,0.73255
761.821,0.733536
757.488,0.734536
757.462,0.735532
751.945,0.736538
749.215,0.737539
775.766,0.738547
782.107,0.73955
776.738,0.740549
762.37,0.741541
761.735,0.74254
762.897,0.743531
759.107,0.744531
750.341,0.745542
771.826,0.746554
783.278,0.747552
770.302,0.748549
758.193,0.749533
759.467,0.750529
751.798,0.751527
746.537,0.752535
758.356,0.753552
782.339,0.754546
791.351,0.75555
771.47,0.756549
756.699,0.75754
757.594,0.758538
755.102,0.759533
756.117,0.760544
763.782,0.76155
775.946,0.762552
777.922,0.763546
764.15,0.764538
760.729,0.76553
755.953,0.766529
754.446,0.767537
752.864,0.768548
769.785,0.769553
787.104,0.770547
778.306,0.77154
760.771,0.772544
762.122,0.773538
759.901,0.774533
756.323,0.775532
753.684,0.776546
774.096,0.777558
774.734,0.778549
772.132,0.779545
766.784,0.780529
756.421,0.781531
755.623,0.782539
741.761,0.783538
757.639,0.784555
779.995,0.785551
783.135,0.786553
770.383,0.78754
762.729,0.78853
761.739,0.789535
759.773,0.790529
746.946,0.79154
760.91,0.792555
774.109,0.793551
767.987,0.794546
765.583,0.795533
757.535,0.796531
758.999,0.797531
749.594,0.798537
744.972,0.799544
772.292,0.800551
779.524,0.801547
776.514,0.802548
762.102,0.803536
766.614,0.804533
768.091,0.805532
752.84,0.806527
750.34,0.807546
773.74,0.808555
780.041,0.809552
765.281,0.810547
763.817,0.811537
760.071,0.812522
760.424,0.813526
746.875,0.814544
761.567,0.815551
778.889,0.816552
776.923,0.817548
762.273,0.818541
753.89,0.819538
759.248,0.820532
759.408,0.821524
751.624,0.822542
765.939,0.823552
775.842,0.824553
767.094,0.82555
757.602,0.826537
758.136,0.827527
764.224,0.828525
754.77,0.829541
755.983,0.830545
778.226,0.831555
784.627,0.83255
763.137,0.833548
761.76,0.834541
758.574,0.83554
761.732,0.836533
758.558,0.837534
766.117,0.838549
778.921,0.839557
772.264,0.840549
765.186,0.841544
763.55,0.84253
751.8,0.843531
751.855,0.844535
750.401,0.845541
776.166,0.84655
788.607,0.847553
779.321,0.84855
768.014,0.849543
756.204,0.850541
758.865,0.851534
753.457,0.852536
752.774,0.853538
769.406,0.854549
780.904,0.855549
764.516,0.856543
759.685,0.857535
753.551,0.858535
750.553,0.85954
750.811,0.860546
761.415,0.861547
781.941,0.86255
783.265,0.863544
770.567,0.864547
764.413,0.865535
759.164,0.866533
755.675,0.867528
751.479,0.86854
762.93,0.86955
780.659,0.87055
774.516,0.871549
770.275,0.872539
761.719,0.873535
752.281,0.874531
746.786,0.87554
750.907,0.876551
770.099,0.877552
782.615,0.878547
775.788,0.879541
767.838,0.880538
760.121,0.881539
755.301,0.882527
746.935,0.883539
748.724,0.884552
765.45,0.885559
773.523,0.886555
765.039,0.887539
768.664,0.888529
759.207,0.889537
747.131,0.890542
745.109,0.891548
759.219,0.892557
782.672,0.893559
781.368,0.894548
771.821,0.895545
762.181,0.896529
770.033,0.89753
751.705,0.898532
743.125,0.899544
768.386,0.900557
769.696,0.901555
771.781,0.902544
764.188,0.903531
762.511,0.904526
761.905,0.905533
753.03,0.906541
753.948,0.907553
773.697,0.908556
780.226,0.90955
769.85,0.910544
756.442,0.911538
763.077,0.912529
769.039,0.91353
754.385,0.914536
755.094,0.915552
770.359,0.916555
771.134,0.917546
762.042,0.918539
756.091,0.919538
762.412,0.920539
755.931,0.921534
747.417,0.922547
771.041,0.92356
781.358,0.924554
773.12,0.925546
758.103,0.926543
756.265,0.927542
762.608,0.928531
759.831,0.929532
757.487,0.930552
772.224,0.93156
774.752,0.932554
766.628,0.933546
757.489,0.934536
756.498,0.935536
756.444,0.936525
757.165,0.937543
763.971,0.93855
793.135,0.939556
781.004,0.940548
765.062,0.941548
756.701,0.942538
758.619,0.943535
762.184,0.944532
758.492,0.945544
763.994,0.946558
779.552,0.947554
774.855,0.948553
763.262,0.949544
759.081,0.950537
759.674,0.951531
748.454,0.952532
748.094,0.953551
776.692,0.954543
793.401,0.95555
776.012,0.956551
760.461,0.957544
757.043,0.958545
762.465,0.959535
751.769,0.960533
754.671,0.961554
773.985,0.962557
778.337,0.963547
771.301,0.964544
763.297,0.965533
754.35,0.966535
753.922,0.967533
747.72,0.968541
760.591,0.969559
785.361,0.97055
782.3,0.97154
769.692,0.972542
765.438,0.973535
756.009,0.974535
754.101,0.975536
750.084,0.976551
765.034,0.977558
770.874,0.978549
775.093,0.979549
767.212,0.980535
766.272,0.981536
760.527,0.982527
750.223,0.983538
755.16,0.984554
780.534,0.985559
783.033,0.986551
780.018,0.987549
764.203,0.988539
759.781,0.989544
755.794,0.990531
751.578,0.991544
756.767,0.992552
770.396,0.993559
772.023,0.994552
766.833,0.99554
762.267,0.99653
761.159,0.997527
745.034,0.998537
746.496,0.999548
765.292,1.00055
786.372,1.00155
783.238,1.00255
762.029,1.00355
761.844,1.00454
770.123,1.00554
757.039,1.00655
744.329,1.00755
763.937,1.00856
774.564,1.00956
771.907,1.01056
765.622,1.01154
763.999,1.01254
753.225,1.01354
755.885,1.01455
757.567,1.01557
784.089,1.01657
779.396,1.01756
767.836,1.01856
761.388,1.01955
759.623,1.02055
762.987,1.02155
750.035,1.02255
764.591,1.02358
776.058,1.02458
775.697,1.02558
764.421,1.02656
762.959,1.02755
758.442,1.02855
752.362,1.02955
755.777,1.03057
770.957,1.03159
778.757,1.03258
775.481,1.03358
756.99,1.03457
756.783,1.03557
764.434,1.03656
753.873,1.03756
760.721,1.03858
777.373,1.03959
774.817,1.04059
761.726,1.04158
758.563,1.04258
758.983,1.04357
757.991,1.04457
754.527,1.04558
765.175,1.04659
786.206,1.04759
782.821,1.04859
763.48,1.04958
760.848,1.05058
761.414,1.05158
761.365,1.05257
746.955,1.05358
774.131,1.0546
778.04,1.0556
774.435,1.0566
764.322,1.05759
759.436,1.05858
749.285,1.05958
752.187,1.06058
755.156,1.06159
776.144,1.0626
795.883,1.0636
772.384,1.0646
764.326,1.0656
757.634,1.06659
760.978,1.06758
754.655,1.06859
758.332,1.06961
776.368,1.07061
774.395,1.07161
770.277,1.0726
760.623,1.0736
761.478,1.07459
747.493,1.0756
752.29,1.07661
767.602,1.07762
787.657,1.07861
782.284,1.07961
768.056,1.08061
759.492,1.08161
755.414,1.08261
759.052,1.08359
746.34,1.08461
769.372,1.08563
778.096,1.08661
766.263,1.08761
768.414,1.08861
761.669,1.0896
758.162,1.0906
746.305,1.09162
756.097,1.09262
777.333,1.09363
782.831,1.09462
772.902,1.09562
759.578,1.09662
766.589,1.09761
757.314,1.09861
749.478,1.09961
756.755,1.10064
773.814,1.10164
773.129,1.10264
766.422,1.10362
762.809,1.10461
762.601,1.10561
757.213,1.10662
757.468,1.10763
758.977,1.10864
785.991,1.10964
777.316,1.11064
758.7,1.11163
760.417,1.11262
761.611,1.11362
758.452,1.11462
750.849,1.11565
767.268,1.11666
774.937,1.11765
768.927,1.11864
761.553,1.11963
757.776,1.12062
763.764,1.12162
751.051,1.12263
761.438,1.12366
777.99,1.12467
776.871,1.12565
763.938,1.12665
760.022,1.12764
758.974,1.12864
761.585,1.12963
758.164,1.13064
764.852,1.13166
775.879,1.13266
768.153,1.13366
763.526,1.13464
757.708,1.13564
754.069,1.13664
757.904,1.13765
757.038,1.13867
776.35,1.13967
787.054,1.14067
768.206,1.14166
760.461,1.14266
760.052,1.14366
763.882,1.14465
758.254,1.14565
763.057,1.14667
776.083,1.14767
776.696,1.14867
764.47,1.14966
763.446,1.15065
756.589,1.15165
754.589,1.15265
754.809,1.15367
770.452,1.15467
